1026.992000	 53.082806	 524.289392	 525.470959	 52.669816
489.504000	 52.304226	 522.900383	 524.551622	 50.584511
1494.200000	 49.384815	 45.216668	 45.369887	 46.280302
348.888000	 48.506950	 43.087614	 43.320619	 44.366276
93.440000	 47.340898	 42.178631	 42.426790	 43.429772
40.744000	 45.606491	 41.628663	 41.766485	 42.654393
2504.416000	 48.126656	 44.508787	 44.652353	 45.473896
728.040000	 46.950704	 41.837149	 42.072308	 43.076205
220.384000	 45.683858	 40.442048	 40.700238	 41.708098
102.144000	 43.943805	 39.576236	 39.746937	 40.679006
1026.992000	 53.082806	 524.289392	 525.470959	 52.669816
426.056000	 51.548889	 522.846363	 524.522260	 50.398649
170.176000	 49.721959	 521.749608	 523.698791	 48.426503
73.080000	 47.527787	 520.958919	 522.795755	 46.628500
1026.992000	 53.082806	 524.289392	 525.470959	 52.669816
426.056000	 51.548889	 522.846363	 524.522260	 50.398649
170.176000	 49.721959	 521.749608	 523.698791	 48.426503
73.080000	 47.527787	 520.958919	 522.795755	 46.628500
62.472000	 54.750073
31.488000	 53.498311
17.936000	 51.666672
10.640000	 49.610050
964.296000	 51.407365	 48.588784	 50.951918	 50.131785
395.536000	 49.618064	 45.702727	 49.054521	 47.759859
152.552000	 47.793229	 43.509216	 47.407582	 45.775157
62.888000	 45.642388	 41.927838	 45.601510	 44.017189
489.504000	 52.304226	 522.900383	 524.551622	 50.584511
157.040000	 50.416220	 521.502444	 523.453879	 48.070188
62.008000	 48.070822	 66.117838	 67.853754	 45.838986
30.688000	 45.670332	 519.607299	 521.003308	 43.572357
1062.752000	 52.486457	 65.877613	 67.841242	 52.665635
445.280000	 50.466294	 53.378602	 55.284130	 50.196228
180.552000	 48.083608	 47.559981	 50.600733	 47.655839
77.352000	 45.148585	 43.725599	 45.649465	 44.601198
345.848000	 51.991123	 46.696012	 46.699030	 47.859854
100.152000	 51.321620	 46.208982	 46.112181	 47.305384
42.000000	 50.263080	 45.923939	 45.690717	 46.850952
16.440000	 48.831732	 45.360716	 45.120090	 46.141001
1282.200000	 50.346751	 45.828765	 45.940124	 46.930089
498.416000	 48.918547	 44.171576	 44.406238	 45.358490
228.888000	 47.315526	 42.706039	 43.224113	 43.987334
113.328000	 45.349993	 41.180581	 41.929911	 42.479662
1167.672000	 53.404438	 524.633425	 525.201247	 52.982010
504.008000	 51.388287	 523.073971	 524.003130	 50.400134
192.136000	 49.465677	 521.781422	 523.040709	 48.181037
68.504000	 47.557830	 520.742825	 522.372044	 46.335573
1167.672000	 53.404438	 524.633425	 525.201247	 52.982010
504.008000	 51.388287	 523.073971	 524.003130	 50.400134
192.136000	 49.465677	 521.781422	 523.040709	 48.181037
68.504000	 47.557830	 520.742825	 522.372044	 46.335573
142.064000	 54.208452
75.704000	 52.104235
41.672000	 49.850070
23.824000	 47.323105
1025.000000	 52.597866	 49.276851	 50.412493	 50.554550
428.912000	 50.706018	 46.157942	 48.016259	 47.912804
150.544000	 49.120193	 43.572844	 46.091418	 45.698892
45.016000	 47.852223	 41.495651	 44.754089	 43.953131
616.760000	 52.536500	 523.167125	 524.068813	 50.733896
202.352000	 50.450966	 521.517490	 522.852214	 47.956780
67.752000	 48.345791	 520.169533	 522.009555	 45.649230
31.568000	 46.030947	 519.479372	 521.379089	 44.121051
1167.032000	 52.452619	 57.645030	 58.564301	 52.757323
507.000000	 49.995036	 53.288449	 54.165153	 49.964829
185.272000	 47.634928	 48.328745	 49.466735	 47.231107
60.720000	 45.656512	 44.253163	 45.884295	 44.674860
211.944000	 52.438384	 47.099261	 47.165883	 48.296364
40.888000	 52.070557	 46.771381	 46.748630	 47.924505
13.832000	 51.462806	 46.570603	 46.513428	 47.654435
8.640000	 50.705591	 46.341322	 46.165198	 47.296934
586.752000	 51.121567	 46.063957	 46.203066	 47.254798
108.520000	 50.537252	 45.070572	 45.137416	 46.283946
38.880000	 49.773478	 44.673970	 44.682909	 45.814691
16.472000	 48.495438	 44.243460	 44.188719	 45.233692
439.536000	 55.223526	 79.217401	 80.841935	 54.140092
140.824000	 54.271347	 57.233747	 59.554455	 52.411816
39.176000	 53.014053	 522.851764	 525.499130	 51.264384
16.960000	 51.183523	 522.555844	 524.977431	 50.277480
439.536000	 55.223526	 79.217401	 80.841935	 54.140092
140.824000	 54.271347	 57.233747	 59.554455	 52.411816
39.176000	 53.014053	 522.851764	 525.499130	 51.264384
16.960000	 51.183523	 522.555844	 524.977431	 50.277480
21.944000	 56.138369
10.448000	 55.200056
5.576000	 53.964604
3.768000	 51.983960
417.968000	 54.301313	 49.382127	 52.631195	 51.611678
129.328000	 53.470599	 47.055940	 51.697356	 49.863288
33.928000	 52.419779	 45.713527	 51.008261	 48.697940
13.496000	 50.434767	 45.121687	 49.964862	 47.792153
155.536000	 54.836520	 78.052062	 80.387326	 52.552696
37.440000	 53.686341	 522.766134	 525.365993	 51.192899
16.472000	 51.894156	 67.712110	 70.015243	 49.705075
7.152000	 49.960514	 521.158595	 523.154671	 47.603872
471.216000	 54.686629	 64.651428	 67.121506	 54.140062
153.912000	 53.542210	 56.303940	 56.841478	 52.295636
45.616000	 51.787992	 48.182203	 51.951489	 49.887310
18.264000	 50.049855	 45.163776	 48.800684	 47.436283
1716.616000	 49.018114	 44.826154	 45.082579	 45.935829
417.168000	 47.751860	 42.740984	 43.138092	 44.032937
164.792000	 46.159120	 41.860352	 42.342649	 43.077946
83.392000	 44.092736	 41.028899	 41.479922	 42.006634
6789.040000	 45.346637	 44.612307	 44.346715	 44.748322
3300.200000	 42.389284	 40.732896	 40.453670	 41.111867
1358.304000	 40.122120	 37.604181	 37.390709	 38.208315
577.848000	 38.012376	 35.455528	 35.364240	 36.116826
5743.192000	 48.371009	 523.277344	 523.402232	 49.208063
3455.512000	 45.059885	 521.481151	 521.681362	 45.772083
1928.912000	 41.862892	 519.676240	 519.996946	 42.391232
976.992000	 38.850691	 517.940037	 518.455835	 39.199859
5743.192000	 48.371009	 523.277344	 523.402232	 49.208063
3455.512000	 45.059885	 521.481151	 521.681362	 45.772083
1928.912000	 41.862892	 519.676240	 519.996946	 42.391232
976.992000	 38.850691	 517.940037	 518.455835	 39.199859
1132.480000	 48.313072
666.464000	 44.983851
384.888000	 41.865426
220.832000	 38.875869
4580.896000	 48.531695	 46.564689	 46.814464	 47.219908
2787.160000	 45.164677	 42.972302	 43.372723	 43.737201
1543.088000	 41.847245	 39.362480	 40.003893	 40.282967
754.704000	 38.823926	 35.890075	 36.921669	 37.048827
4209.672000	 46.944206	 521.680153	 521.850693	 46.594639
2128.568000	 43.174976	 519.365369	 519.667470	 42.253427
938.624000	 39.684586	 517.157199	 517.783961	 38.261435
435.488000	 36.787235	 515.614341	 516.575188	 35.434967
5418.712000	 46.951800	 79.857130	 79.992027	 48.499175
3252.976000	 43.292390	 521.585392	 521.795257	 44.843433
1802.096000	 39.662155	 519.806378	 520.117106	 41.205486
911.016000	 36.635108	 42.128657	 48.175891	 37.976995
165.200000	 52.878514	 47.414278	 47.449634	 48.613652
50.152000	 52.380032	 47.144901	 47.170545	 48.310795
24.176000	 51.475683	 46.942002	 46.946647	 48.000682
9.440000	 49.466876	 46.579035	 46.580704	 47.346741
1522.304000	 49.677479	 45.237199	 45.347061	 46.326014
426.560000	 48.703690	 43.277360	 43.412538	 44.515156
183.552000	 47.351928	 42.245325	 42.518612	 43.499401
100.464000	 45.435313	 41.074325	 41.514233	 42.285235
766.864000	 54.148728	 524.816699	 525.341133	 53.447622
309.896000	 52.577952	 523.538786	 524.455421	 51.402094
128.560000	 50.675201	 522.563776	 523.924408	 49.710857
61.112000	 48.252115	 521.937944	 523.424509	 48.167736
766.864000	 54.148728	 524.816699	 525.341133	 53.447622
309.896000	 52.577952	 523.538786	 524.455421	 51.402094
128.560000	 50.675201	 522.563776	 523.924408	 49.710857
61.112000	 48.252115	 521.937944	 523.424509	 48.167736
110.472000	 54.680327
66.768000	 52.875328
40.368000	 50.643385
24.128000	 48.087591
648.680000	 53.654824	 49.643399	 50.692266	 51.025065
242.632000	 52.295888	 47.087573	 48.920842	 48.942724
87.776000	 50.718903	 45.137551	 47.858816	 47.329539
37.384000	 48.605576	 43.885887	 46.859017	 46.005125
379.696000	 53.563416	 523.578429	 524.469086	 51.643465
144.680000	 51.525008	 522.343872	 523.802707	 49.582277
69.720000	 49.132315	 67.064164	 68.527279	 47.698053
35.288000	 46.317856	 520.458771	 521.649514	 45.253887
777.520000	 53.363579	 55.061634	 58.137630	 53.159025
305.888000	 51.189275	 56.806391	 57.811740	 51.025260
117.216000	 48.541862	 48.980752	 50.275288	 48.304179
49.736000	 45.982029	 45.397442	 46.776919	 45.605521
1006.200000	 50.556907	 45.991661	 46.164984	 47.126003
339.160000	 49.430301	 44.532084	 44.718924	 45.720869
144.320000	 47.914067	 43.625754	 43.744269	 44.694397
75.776000	 46.056109	 42.815634	 42.750445	 43.626050
2027.416000	 49.009620	 44.947484	 45.135309	 46.007786
744.552000	 47.544929	 42.790721	 43.040661	 43.985033
336.200000	 45.739869	 41.384533	 41.607141	 42.506738
177.912000	 43.571178	 40.003369	 40.149550	 40.960427
1064.376000	 53.876566	 524.857847	 525.762385	 53.629618
535.832000	 51.899395	 523.382894	 524.674744	 51.177034
266.824000	 49.645023	 522.095403	 523.673452	 48.835089
136.264000	 47.045150	 521.077695	 522.600160	 46.614458
1064.376000	 53.876566	 524.857847	 525.762385	 53.629618
535.832000	 51.899395	 523.382894	 524.674744	 51.177034
266.824000	 49.645023	 522.095403	 523.673452	 48.835089
136.264000	 47.045150	 521.077695	 522.600160	 46.614458
124.288000	 54.738423
70.352000	 52.757730
39.920000	 50.468888
21.056000	 47.692222
936.024000	 53.057102	 49.725695	 51.534769	 51.226018
465.504000	 51.059640	 46.775788	 49.359488	 48.703761
227.088000	 48.849460	 44.200806	 47.356904	 46.356138
115.360000	 46.375096	 42.165390	 45.210320	 44.205734
625.376000	 53.040994	 523.467539	 524.718461	 51.509995
276.560000	 50.647246	 521.832550	 523.447740	 48.590184
134.688000	 47.804155	 66.165442	 67.566936	 45.857065
73.152000	 44.799111	 519.201541	 520.378480	 42.848976
1056.968000	 53.049139	 65.941386	 67.565187	 53.482943
531.168000	 50.507257	 55.874899	 57.331998	 50.811043
258.224000	 47.599485	 50.311121	 49.783191	 47.802858
133.256000	 44.962414	 43.348159	 45.642133	 44.398900
909.232000	 50.303555	 45.609691	 45.586952	 46.680266
174.096000	 49.669200	 44.235869	 44.150426	 45.378363
78.336000	 48.676561	 43.832720	 43.716768	 44.884275
37.488000	 47.097807	 43.259070	 43.157755	 44.162136
5995.528000	 45.420240	 43.804005	 43.481990	 44.156359
2499.776000	 42.968857	 40.238369	 39.833387	 40.808354
804.304000	 41.476410	 37.588953	 37.048519	 38.309996
240.064000	 40.344273	 36.023040	 35.307018	 36.730617
4876.240000	 50.026253	 522.535797	 523.300446	 49.155067
2696.496000	 47.538088	 65.856774	 66.691720	 45.843138
1312.320000	 45.425581	 518.896703	 519.976498	 42.666752
536.800000	 43.631379	 517.218285	 518.810581	 39.864208
349.568000	 50.591808
167.272000	 48.201482
84.368000	 46.142518
46.904000	 44.129439
4518.816000	 49.493804	 45.081593	 46.610892	 46.703091
2522.392000	 46.915388	 41.440343	 43.110235	 43.279591
1222.536000	 44.762734	 37.803406	 39.962997	 39.998803
489.144000	 43.104354	 34.446570	 37.631162	 37.131904
3163.608000	 48.891051	 520.997335	 521.728956	 46.440463
1326.800000	 46.269487	 518.674775	 519.723262	 42.347443
428.840000	 44.243827	 516.609714	 518.413535	 38.939705
134.352000	 42.311586	 515.331667	 517.913494	 36.822197
4844.664000	 48.980044	 75.331308	 76.108382	 48.952686
2703.864000	 46.338706	 65.512612	 66.807000	 45.677347
1337.688000	 43.893025	 54.605214	 56.883787	 42.497968
557.472000	 41.787697	 47.198071	 48.486310	 39.660366
124.136000	 53.011448	 47.609740	 47.517779	 48.745415
29.640000	 52.757836	 47.428204	 47.298748	 48.538230
14.016000	 52.071424	 47.291180	 47.161973	 48.328051
7.464000	 50.882188	 47.210140	 46.793285	 47.950017
1392.928000	 49.553267	 45.110593	 45.158946	 46.173981
252.360000	 49.037651	 43.061116	 43.128491	 44.335367
82.456000	 48.284515	 42.433444	 42.536768	 43.709081
42.416000	 47.144368	 41.900572	 42.068199	 43.128582
913.232000	 54.250164	 524.146239	 524.975369	 52.657247
333.192000	 53.229443	 522.736160	 523.979690	 50.463959
101.752000	 52.114117	 521.604273	 523.478523	 48.743294
31.408000	 50.351269	 520.994676	 523.204062	 47.595041
913.232000	 54.250164	 524.146239	 524.975369	 52.657247
333.192000	 53.229443	 522.736160	 523.979690	 50.463959
101.752000	 52.114117	 521.604273	 523.478523	 48.743294
31.408000	 50.351269	 520.994676	 523.204062	 47.595041
51.552000	 55.102919
27.888000	 54.042685
16.704000	 52.628385
10.192000	 50.575383
858.520000	 53.381819	 48.302478	 49.960738	 50.078366
302.288000	 52.451645	 45.482321	 47.969381	 47.786185
82.712000	 51.620797	 43.218545	 46.967045	 46.040977
21.576000	 50.135679	 41.999353	 46.418123	 44.966142
385.984000	 53.840948	 522.803060	 524.007057	 50.631298
89.568000	 52.671824	 521.353015	 523.425903	 48.460626
33.568000	 50.795102	 66.433068	 68.616550	 47.370990
18.912000	 47.934307	 520.116710	 521.468965	 45.109969
953.688000	 53.768368	 66.463602	 72.793860	 52.708180
350.144000	 52.278855	 50.852720	 52.044420	 50.052396
104.640000	 50.433183	 49.570692	 49.937325	 48.123654
30.080000	 48.216895	 43.598897	 45.485856	 45.119497
715.488000	 51.074810	 46.249591	 46.366464	 47.398502
211.704000	 50.200930	 45.060176	 45.214113	 46.268608
66.160000	 49.127050	 44.162865	 44.368780	 45.368964
26.864000	 47.561251	 43.419733	 43.612505	 44.495212
6154.664000	 45.794902	 43.772484	 43.875992	 44.387025
2833.072000	 43.443104	 40.144771	 40.405934	 41.096620
1287.064000	 41.126474	 37.585471	 38.087380	 38.676893
673.656000	 38.767052	 35.444107	 36.275051	 36.614824
5492.784000	 49.257697	 523.078194	 523.583076	 49.505586
3302.280000	 46.078689	 521.184515	 521.711815	 45.932175
1772.456000	 43.150293	 519.241600	 519.925331	 42.433623
827.712000	 40.549759	 517.438935	 518.369694	 39.252902
5492.784000	 49.257697	 523.078194	 523.583076	 49.505586
3302.280000	 46.078689	 521.184515	 521.711815	 45.932175
1772.456000	 43.150293	 519.241600	 519.925331	 42.433623
827.712000	 40.549759	 517.438935	 518.369694	 39.252902
737.720000	 49.840760
447.264000	 46.780611
269.808000	 43.804400
163.880000	 40.883954
4736.792000	 48.734517	 46.166387	 47.176152	 47.234074
2853.608000	 45.418595	 42.379030	 43.433630	 43.568902
1501.352000	 42.515010	 38.493200	 39.860662	 39.988786
662.280000	 40.213627	 34.887870	 36.749388	 36.770386
3917.376000	 47.823506	 521.494536	 521.973021	 46.725466
1901.960000	 44.445188	 519.042001	 519.684756	 42.282289
744.432000	 41.545272	 516.749312	 517.727294	 38.271183
292.544000	 38.936836	 515.148556	 516.762919	 35.573531
5331.768000	 47.981062	 523.157328	 523.668422	 49.069274
3212.896000	 44.429280	 54.734331	 55.219436	 45.375560
1727.288000	 41.057789	 50.220125	 46.866584	 41.693811
795.976000	 38.168909	 44.210772	 45.851733	 38.422739
